Sample_Number	AL080059	Contig63649_RC	Contig46218_RC	LOC51203	AA555029_RC	ALDH4	Contig38288_RC	FGF18	Contig28552_RC	Contig32125_RC	BBC3	AL137718	KIAA1442	DC13	CEGP1	EXT1	FLT1	GNAZ	OXCT	MMP9	Contig55377_RC	Contig35251_RC	ECT2	GMPS	HEC	WISP1	PK428	SERF1A	AF052162	GSTM3	Contig32185_RC	RAB6B	Contig48328_RC	Contig46223_RC	UCH37	PECI	KIAA1067	Contig40831_RC	TGFB3	KIAA0175	COL4A2	L2DTL	HSA250839	DCK	Contig51464_RC	DKFZP564D0462	SLC2A3	PECI.1	ORC6L	RFC4	Contig55725_RC	Contig24252_RC	CFFM4	MCM6	AP2B1	Contig56457_RC	IGFBP5	LOC57110	MP1	IGFBP5.1	NMU	AKAP2	Contig63102_RC	PRC1	Contig20217_RC	CENPA	SM.20	CCNE2	ESM1	FLJ11190	Label
61	-0.294	0.359	-0.144	-0.212	-0.22	-0.164	0.048	0.123	-0.226	0.027	0.156	-0.094	-0.158	-0.035	-0.33	0.102	-0.001	-0.087	0.134	-0.453	0.088	0.001	-0.116	0.39	-0.243	0.028	0.067	0.037	0.169	-0.506	0.121	0.073	-0.552	0.022	0.32	-0.058	0.092	-0.182	0.011	-0.225	-0.027	0.13	-0.23	0.054	0.286	-0.406	-0.138	-0.031	-0.308	0.299	-0.07	-0.394	0.072	0.148	0.117	0.138	0.534	0.338	-0.005	0.501	-0.307	-0.253	-0.107	-0.36	0.151	-0.44	0.453	0.148	0.171	0.257	0
374	0.134	0.146	0.001	0.119	0.128	0.049	0.157	-0.228	0.238	-0.1	-0.041	0.125	-0.055	-0.041	-0.431	-0.021	0.033	0.302	-0.152	-0.114	0.091	-0.119	0.349	-0.046	0.069	0.095	0.146	0.028	-0.22	-0.094	-0.233	0.038	-0.544	-0.02	0.007	-0.046	0.007	-0.182	-0.016	0.153	0.09	0.176	0.068	0.1	-0.071	-0.303	-0.026	-0.009	-0.065	0.069	-0.706	0.503	-0.004	-0.003	0.194	0.057	0.066	0.127	-0.111	0.062	0.048	0.134	0.293	0.101	-0.059	0.129	-0.081	0.227	-0.054	0.282	0
230	0.18	0.291	0.303	0.034	0.082	-0.301	0.158	-0.382	0.378	-0.008	-0.305	0.212	0.026	-0.012	-0.971	0.063	0.288	-0.192	0.159	0.018	-0.392	0.315	0.36	-0.172	0.093	0.214	0.12	0.061	0.453	-0.094	0.126	0.559	-0.634	-0.236	0.092	-0.307	-0.047	0.056	0.004	0.072	0.314	-0.081	-0.039	-0.067	-0.02	0.25	0.32	-0.122	0.05	-0.135	0.19	0.331	-0.228	0.019	0.194	0.259	-0.022	0.226	0.114	0.079	0.16	0.12	-0.187	0.053	-0.005	0.034	0.195	-0.143	0.229	-0.024	0
109	-0.186	-0.184	-0.042	0.064	-0.09	-0.295	-0.021	-0.384	-0.131	-0.093	-0.171	-0.075	-0.203	-0.013	-1.073	0.017	0.131	-0.271	-0.088	-0.1	-0.016	0.476	-0.145	0.098	-0.064	-0.219	-0.309	-0.012	0.271	-0.118	-0.11	0.05	0.024	-0.286	0.23	-0.042	-0.154	0.093	-0.219	-0.111	-0.159	0.126	-0.114	0.08	-0.107	0.167	-0.058	-0.088	0.197	0.083	0.19	0.364	0.348	0.198	-0.088	-0.087	-0.5	-0.051	0.155	-0.339	0.004	0.093	0.049	0.292	0.049	-0.084	0.264	0.001	0.164	0.426	0
73	-0.162	0.325	-0.294	-0.461	0.11	-0.087	-0.186	-0.287	-0.278	-0.229	-0.283	-0.248	-0.318	-0.19	-0.86	0.15	-0.073	0.3	0.157	-0.582	-0.249	-0.054	-0.348	-0.176	-0.48	-0.385	0.057	-0.15	-0.515	-0.031	-0.267	-0.238	-0.16	-0.065	-0.045	-0.108	-0.167	0.299	-0.389	-0.57	-0.102	-0.437	0.012	-0.062	-0.221	0.337	-0.026	-0.083	-0.511	-0.237	0	0.774	-0.37	-0.192	-0.264	-0.15	0.181	-0.211	-0.17	0.178	0.788	0.376	-0.187	-0.475	-0.265	-0.505	0.118	-0.532	-0.672	-0.12	0
184	0.044	-0.031	0.381	0.226	-0.038	-0.167	0.103	-0.33	0.42	0.029	-0.282	0.305	-0.344	-0.061	-1.044	0.137	-0.184	-0.142	0.244	0.17	-0.227	0.022	0.295	0.338	0.118	-0.261	-0.034	0.189	0.187	-0.364	0.281	-0.262	-0.466	-0.262	0.28	-0.162	0.221	0.151	-0.606	0.308	0.302	0.183	-0.013	0.456	-0.017	0.002	0.027	-0.155	0.22	0.278	0.539	0.394	-0.262	0.017	-0.233	0.066	0.066	-0.045	0.179	-0.014	0.379	0.029	0.033	0.333	0.303	0.058	0.406	0.266	-0.129	-0.219	0
71	-0.063	0.072	0.321	0.222	-0.221	-0.069	0.579	-0.46	0.636	-0.116	-0.116	0.409	-0.208	-0.006	-0.806	-0.127	-0.06	-0.222	-0.051	-0.251	-0.275	-0.045	0.636	0.405	0.479	0.011	-0.366	0	-0.248	-0.409	-0.077	-0.034	-0.406	-0.113	0.147	-0.145	-0.346	-0.212	-0.358	0.212	0.15	0.144	-0.146	-0.175	-0.028	-0.226	0.527	-0.043	0.013	0.249	0.778	-0.307	-0.23	0.119	-0.181	0.206	0.318	-0.002	0.226	0.406	0.349	0.297	-0.345	0.181	0.096	0.2	0.09	0.224	0.039	-0.101	0
155	-0.331	-0.239	-0.229	-0.045	-0.135	0.201	-0.109	0.184	-0.087	0.061	0.165	-0.059	0.006	-0.165	0.377	-0.029	-0.064	-0.244	-0.167	0.542	0.132	-0.101	-0.285	-0.113	-0.063	0.07	-0.085	-0.201	0.09	0.135	-0.276	-0.141	-0.091	0.254	-0.147	0.108	-0.16	-0.172	0.081	-0.127	0.068	-0.054	0.159	-0.088	0.028	-0.364	0.06	0.143	-0.233	-0.127	-0.412	-0.449	-0.006	-0.193	0.135	-0.073	-0.236	-0.036	0.05	-0.143	-0.234	-0.104	-0.175	-0.115	-0.162	-0.364	-0.042	-0.383	-0.177	-0.176	0
254	0.151	-0.405	-0.228	0.171	-0.154	0.201	-0.132	-0.188	-0.145	0.058	-0.195	-0.181	-0.153	-0.03	-0.66	-0.062	0.029	-0.282	0.189	-0.083	-0.094	0.159	-0.21	-0.05	0.259	-0.056	0.172	-0.145	-0.096	0.115	-0.009	-0.371	-0.658	0.097	0.225	0.285	0.109	-0.177	0.036	-0.143	0.101	0.138	-0.12	0.054	-0.178	0.632	-0.026	0.303	-0.145	-0.117	-0.096	-0.371	-0.175	-0.006	0.001	-0.268	0.754	-0.258	-0.29	0.81	0.056	-0.07	-0.051	-0.142	-0.165	-0.213	0.206	-0.086	-0.3	-0.215	0
318	-0.098	-0.492	-0.307	-0.097	-0.024	0.197	-0.001	0.369	-0.318	0.371	0.067	-0.25	0.11	-0.228	0.335	0.14	0.092	0.194	-0.054	-0.093	0.144	-0.003	-0.152	-0.185	-0.166	-0.142	-0.104	-0.049	-0.104	0.005	-0.309	0.483	-0.563	0.228	-0.291	0.052	-0.149	-0.159	0.065	-0.275	-0.092	-0.345	0.009	-0.318	-0.07	-0.583	-0.105	0.045	-0.205	-0.231	-0.736	-0.228	-0.335	-0.131	0.163	-0.152	1.059	-0.351	-0.031	1.08	-0.329	-0.003	0.178	-0.453	-0.285	-0.265	-0.237	-0.335	-0.603	-0.116	0
401	-0.499	-0.304	0.001	-0.296	-0.103	0.158	-0.33	-0.521	0.082	0.109	-0.026	-0.118	0.179	-0.651	0.963	-0.105	-0.351	-0.196	-0.387	0.059	0.096	-0.25	-0.177	-0.611	0.297	0.006	-0.654	-0.428	0.106	0.339	-0.815	-0.516	-0.317	0.195	-0.231	0.094	-0.294	-0.199	-0.556	-0.232	0.272	-0.162	0.359	-0.242	-0.382	-0.466	-0.377	-0.091	-0.455	-0.022	-0.658	-0.568	-0.351	-0.733	-0.104	-0.655	-0.1	-0.342	-0.064	-0.168	0.041	-0.569	0.051	-0.101	-0.248	-0.349	-0.42	-0.807	-0.489	-0.3	0
288	-0.26	0.063	-0.024	-0.026	-0.027	-0.039	-0.195	-0.176	0.167	-0.195	0.027	0.14	0.113	-0.078	-0.527	-0.048	-0.175	-0.554	-0.122	-0.098	-0.129	0.063	0.148	0.13	-0.052	0.228	-0.094	-0.011	-0.112	-0.044	0.022	-0.149	-0.649	-0.201	0.053	-0.102	0.039	-0.04	0.029	0.221	0.057	0.013	0.022	-0.023	-0.038	-0.065	0.264	-0.05	-0.03	0.108	-0.195	-0.158	0.377	-0.115	-0.095	-0.028	-0.239	0.16	0.024	-0.148	-0.044	-0.029	-0.296	0.126	-0.124	-0.214	-0.03	0.031	-0.035	-0.124	0
159	-0.676	-0.405	0.133	0.252	-0.217	-0.066	-0.288	0.124	0.215	-0.08	0.186	0.117	-0.307	-0.058	-0.443	-0.257	-0.097	0.146	0.061	-0.722	0.272	-0.294	0.068	-0.108	0.091	-0.13	-0.12	-0.131	-0.045	-0.065	-0.308	-0.293	-0.659	-0.041	-0.045	0.05	-0.228	-0.174	-0.078	-0.003	-0.02	0.256	0.147	0.062	0.122	-0.49	-0.221	0.041	-0.02	0.005	-0.484	-0.551	0.013	0.039	0.155	-0.02	-0.426	-0.199	-0.027	-0.3	-0.2	-0.114	-0.021	0.174	-0.138	-0.092	0.209	-0.15	-0.263	-0.302	0
48	0.266	0.219	0.544	0.288	-0.023	-0.208	0.385	-0.302	0.771	-0.209	-0.126	0.733	-0.357	0.235	-0.981	0.187	-0.17	0.051	0.015	-0.123	-0.232	0.159	0.849	0.564	0.469	-0.147	0.402	0.074	-0.061	-0.649	0.205	0.37	-0.734	-0.209	0.171	-0.174	-0.01	0.082	-0.611	0.263	0.15	0.149	0.003	-0.068	0.311	0.17	0.117	-0.104	0.238	0.368	0.619	-0.094	-0.392	0.487	-0.217	0.305	0.088	0.284	-0.233	0.092	0.375	0.119	-0.176	0.339	0.404	0.553	0.173	0.376	-0.114	-0.089	0
113	-0.22	0.03	-0.153	-0.048	0.041	0.053	0.065	0.074	-0.244	0.053	-0.157	-0.125	-0.018	0.139	-0.148	0.084	0.103	-0.164	-0.161	0.451	-0.077	0.143	-0.199	0.117	-0.267	-0.009	-0.067	0.014	-0.035	-0.309	-0.158	-0.137	-0.525	0.171	-0.102	0.058	-0.262	-0.039	0.426	-0.304	-0.028	-0.265	-0.034	-0.213	-0.01	-0.369	0.045	0.019	-0.13	0.025	-0.575	-0.086	0.07	-0.11	-0.295	0.217	0.13	-0.264	-0.042	0.09	-0.137	0.06	-0.055	-0.195	-0.03	-0.222	0.099	-0.308	0.06	-0.067	0
146	0.019	-0.475	-0.032	0.204	0.014	-0.144	-0.068	0.705	-0.112	-0.096	0.019	-0.013	0.049	-0.162	-0.405	-0.065	-0.014	0.145	-0.095	-0.19	0.355	-0.336	-0.009	-0.011	0.089	-0.085	-0.044	-0.119	0.097	-0.203	-0.147	-0.442	-0.741	0.249	-0.044	-0.079	-0.017	-0.252	-0.052	-0.129	-0.088	0.042	-0.14	-0.008	0.099	-0.58	-0.188	-0.045	-0.257	0.114	-0.577	-0.544	-0.406	0.007	0.239	-0.053	-0.52	-0.502	-0.078	-0.3	0.007	-0.127	0.353	0.076	-0.213	-0.193	-0.041	-0.237	0.135	-0.196	0
385	-0.601	-0.116	0.031	0.098	0.009	-0.151	-0.214	-0.07	-0.033	-0.162	-0.025	-0.04	-0.24	0.054	-0.471	-0.065	0.058	0.222	-0.269	0.114	0.07	-0.11	0.043	-0.01	0.047	-0.068	0.035	0.169	-0.062	0.008	-0.031	-0.037	-0.693	-0.011	-0.148	-0.06	0.165	-0.143	-0.262	-0.072	-0.024	0.152	0.116	0.331	-0.166	-0.341	-0.028	-0.023	0.232	0.052	-0.197	-0.091	0.209	0.011	0.004	0.016	-0.336	-0.127	-0.188	-0.251	-0.161	0.088	0.296	-0.03	-0.066	-0.115	-0.073	0.267	0.23	-0.033	0
237	0.147	0.124	-0.061	0.223	0.015	-0.198	0.196	0.064	0.128	-0.089	-0.114	0.068	0.169	0.18	-0.955	-0.089	0.184	0.422	0.343	-0.167	-0.08	-0.089	0.149	-0.021	0.18	0.024	-0.048	0.03	0.205	-0.499	0.045	0.457	-0.045	-0.174	-0.114	-0.243	-0.127	-0.258	-0.133	0.208	0.192	0.461	-0.074	0.262	0.322	-0.397	0.344	-0.04	0.107	0.177	0.213	-0.126	-0.09	0.303	0.073	0.085	0.258	-0.04	0.135	0.295	0.332	0.071	-0.179	0.25	0.053	0.191	0.048	0.652	0.108	0.498	0
127	0.151	-0.21	0.034	0.037	-0.065	-0.048	-0.026	-0.425	0.204	0.016	0.075	0.059	-0.062	-0.042	0.276	-0.207	-0.148	-0.029	-0.197	-0.346	-0.182	-0.048	0.481	-0.139	0.204	0.06	0.178	0.089	-0.073	-0.326	-0.111	-0.215	-0.658	-0.047	-0.157	-0.223	-0.189	-0.016	-0.057	0.094	-0.023	0.089	-0.049	-0.053	-0.049	-0.252	-0.151	-0.265	-0.121	-0.063	-0.38	-0.168	-0.264	-0.038	-0.058	-0.104	-0.191	0.108	-0.121	-0.105	-0.152	-0.2	-0.07	0.166	-0.002	0.076	-0.027	0.278	-0.16	-0.144	0
138	-0.227	-0.107	-0.086	-0.057	0.073	0.021	-0.002	0.135	-0.071	-0.069	0.112	-0.098	0.077	-0.256	-0.078	0.115	0.156	-0.192	-0.144	0.051	-0.116	-0.072	0.335	0.045	-0.025	0.192	0.22	-0.247	-0.132	0.027	-0.083	-0.079	-0.429	-0.051	-0.091	0.153	-0.214	-0.091	0.311	-0.235	0.192	-0.047	0.018	-0.187	-0.149	-0.336	0.185	0.164	-0.22	-0.227	-0.762	-0.332	0.385	-0.195	-0.177	0.098	0.094	-0.05	-0.13	0.092	-0.097	0.121	-0.187	-0.2	-0.127	-0.277	0.036	-0.095	0.123	-0.211	0
321	0.273	0.397	-0.174	-0.466	-0.078	0.074	-0.047	0.432	-0.116	-0.06	0.367	-0.083	0.086	-0.144	-0.519	0.012	0.192	-0.286	-0.156	0.269	0.002	-0.052	-0.08	-0.195	-0.128	0.266	0.13	-0.06	-0.15	0.039	-0.3	-0.102	-0.109	0.071	-0.041	0.1	-0.181	0.085	0.221	-0.292	0.267	-0.189	0.007	-0.209	-0.173	-0.095	0.11	-0.055	-0.013	-0.071	-0.185	-0.36	0.663	0.06	0.073	0.101	-0.058	0.178	-0.136	-0.027	-0.316	-0.016	-0.211	-0.052	-0.142	-0.236	0.096	-0.216	0.452	0.151	0
340	0.168	-0.328	0.618	0.507	-0.157	0.13	0.011	-0.366	0.38	0.141	0.004	0.356	-0.092	0.16	-1.052	-0.158	-0.088	0.226	-0.128	-0.55	-0.213	-0.248	0.201	-0.091	0.411	-0.28	-0.087	0.012	0.141	0.008	0.107	-0.329	-0.385	0.304	-0.101	0.182	0.105	0.117	-0.419	0.088	-0.267	0.319	-0.096	0.294	0.354	-0.618	-0.287	0.197	0.221	0.078	-0.01	-0.455	-0.484	0.22	0.007	0.001	-0.551	-0.156	-0.075	-0.34	0.407	-0.189	0.055	0.401	0.397	0.387	-0.059	0.184	0.156	0.05	0
57	0.257	-0.108	0.561	0.538	-0.188	-0.449	0.296	-0.455	0.574	-0.162	-0.155	0.512	-0.364	0.44	-1.29	0.024	-0.25	-0.11	0.043	0.035	-0.414	0.087	0.596	0.454	0.423	-0.277	0.094	0.65	-0.401	-0.585	0.586	0.234	-1.061	-0.41	0.301	-0.228	0.063	0.278	-0.411	0.953	-0.127	-0.058	-0.263	0.349	0.256	-0.014	0.199	-0.342	0.411	0.671	0.652	0.147	0.041	0.196	-0.363	0.411	-0.367	0.539	0.32	-0.237	0.885	-0.013	-0.132	0.308	0.111	0.616	0.135	0.506	-0.342	0.265	0
213	-0.25	-0.317	0.148	0.179	0.099	0.203	0.414	-0.049	0.129	0.018	-0.168	0.075	0.084	0.053	-0.353	0.019	0.142	-0.152	-0.158	-0.426	-0.024	-0.185	0	-0.03	0.044	0.181	0.031	-0.08	0.05	0.158	-0.308	-0.077	-0.423	0.1	-0.018	-0.023	-0.112	-0.216	0.102	0.065	0.146	0.082	0.027	-0.098	-0.048	-0.274	-0.14	-0.017	0.097	-0.062	-0.217	-0.385	-0.292	0.048	-0.13	0.14	0.38	-0.11	0.558	0.36	-0.236	0.088	-0.014	0.261	-0.01	0.083	-0.116	-0.222	-0.171	0.027	0
180	0.052	0.234	-0.129	0.179	-0.074	0.042	0.02	-0.402	-0.161	-0.126	-0.062	-0.044	-0.228	0.011	-0.676	0.033	0.111	0.215	0.123	-0.278	0.15	0.165	-0.101	0.049	-0.113	0.079	0.201	0.058	-0.015	-0.091	-0.009	-0.374	-0.847	-0.057	0.084	0.149	0.321	0.107	0.009	0.053	0.035	0.108	-0.163	0.024	0.136	0.723	0.006	0.153	0.034	-0.037	0.105	-0.134	-0.195	0.109	-0.073	0.081	0.46	-0.172	-0.027	0.427	-0.205	-0.058	0.401	0.175	0.083	0.045	0.289	0.329	0.042	-0.296	0
192	0.081	-0.053	0.088	0.174	0.21	-0.03	0.135	-0.425	0.011	-0.219	-0.186	0.017	0.066	0.024	0.252	0.166	-0.294	0.275	-0.091	-0.618	0.241	-0.213	-0.014	0.126	0.041	-0.249	-0.124	0.031	-0.05	-0.184	0.109	0.601	-0.677	0.037	-0.044	-0.264	0.216	0.34	-0.47	-0.119	-0.129	0.095	0.133	0.264	-0.025	-0.282	-0.422	-0.189	-0.043	0.136	-0.809	0.474	-0.142	0.046	0.2	-0.157	1.095	0.28	0.082	1.144	-0.194	-0.336	0.383	0.148	-0.065	0.038	-0.158	0.216	-0.312	0.219	0
367	-0.471	0.929	0.098	-0.08	0.363	-0.071	0.007	0.022	0.314	0.256	0.107	0.179	-0.116	0.077	-0.27	0.138	0.146	0.147	-0.11	0.532	-0.268	0.265	0.214	0.25	0.288	0.414	0.145	-0.004	0.442	-0.54	0.056	-0.084	-0.66	0.143	-0.121	-0.13	-0.278	-0.15	-0.014	-0.07	0.237	-0.206	0.309	-0.348	-0.05	0.36	0.283	-0.013	0.069	-0.099	-0.5	0.057	-0.009	-0.11	-0.128	0.145	0.227	0.151	-0.077	0.298	-0.043	0.19	-0.021	0.001	-0.113	-0.18	-0.351	0.119	0.186	-0.145	0
228	0.632	0.168	0.339	0.045	0.242	-0.327	0.281	-0.393	0.296	-0.274	-0.455	0.268	0.087	0.221	-1.079	0.068	-0.035	0.484	0.085	-0.226	-0.305	0.079	0.194	0.105	0.382	-0.176	0.118	0.108	0.235	-0.353	0.231	0.421	-0.721	-0.295	0.1	-0.237	0.214	0.02	-0.414	0.3	0.311	0.287	-0.176	0.257	0.427	0.444	0.264	-0.208	0.43	0.428	0.644	-0.264	-0.371	0.049	-0.147	0.389	-0.033	0.035	0.252	-0.125	0.742	0.218	-0.372	0.31	0.418	0.46	0.157	0.102	0.109	0.133	0
341	0.211	-0.13	-0.108	0.175	-0.221	0.098	0.276	-0.415	0.109	-0.185	-0.263	0.066	-0.055	-0.023	-0.995	-0.228	-0.431	-0.068	-0.11	-0.34	0.82	0.173	0.543	0.195	0.018	-0.305	0.117	-0.133	0.44	-0.498	-0.163	-0.143	-0.563	-0.245	0.062	-0.094	-0.19	-0.047	-0.145	0.049	-0.058	0.125	-0.19	-0.151	0.002	0.061	-0.034	-0.152	0.094	0.263	-0.121	-0.288	-0.373	-0.218	0.085	0.231	-0.277	-0.126	0.22	-0.205	-0.173	0.003	-0.019	0.195	0.28	0.042	0.145	-0.168	-0.308	-0.135	0
59	-0.017	0.557	-0.448	-0.201	0.165	0.041	0.263	-0.271	-0.61	-0.084	0.035	-0.24	-0.113	-0.004	0.783	-0.026	0.06	0.142	-0.31	0.135	-0.038	0.023	-0.052	0.115	-0.117	-0.094	0.043	-0.132	0.008	-0.301	0.094	-0.199	-0.368	0.025	0.048	-0.238	0.23	0.194	-0.046	-0.143	0.012	0.036	-0.025	-0.034	0.013	0.561	0.274	-0.189	-0.024	-0.128	-0.524	0.221	-0.214	-0.125	-0.166	0.134	-0.288	-0.271	0.1	-0.149	-0.154	-0.09	0.048	0.228	0.219	-0.031	0.122	0.077	0.093	-0.042	0
110	0.302	0.255	0.353	0.32	0.448	0.26	0.33	-0.473	0.279	0.378	-0.214	0.237	0.33	0.024	-0.704	-0.048	0.035	0.965	-0.458	-0.561	0.256	-0.236	-0.171	-0.014	-0.003	-0.214	-0.097	0.199	-0.177	-0.146	0.017	-0.537	1.201	0.065	-0.092	-0.113	0.131	-0.1	-0.216	0.303	-0.07	0.201	-0.131	0.087	0.314	0.328	-0.119	-0.065	0.247	0.061	0.393	0.264	-0.196	0.29	0.257	-0.25	0.059	-0.062	-0.052	0.055	-0.258	-0.025	0.308	0.316	-0.145	0.53	0.025	0.287	0.026	-0.042	0
134	0.089	-0.181	0.091	-0.15	-0.113	-0.078	0.042	-0.056	-0.048	-0.043	-0.144	-0.054	-0.026	-0.228	0.448	-0.005	0.234	-0.137	-0.062	0.139	0.114	0.097	-0.263	-0.274	0.011	-0.081	0.057	0.063	0.113	0.072	-0.208	-0.148	-0.34	0.057	0.05	0.063	-0.113	-0.143	0.122	0.067	0.067	0.035	0.096	-0.079	-0.126	0.13	0.035	0.071	0.04	-0.128	-0.18	-0.068	-0.145	0.037	0.196	0.021	-0.137	-0.071	-0.05	-0.101	0.047	0.067	0.196	-0.104	-0.212	-0.163	0.003	-0.177	-0.097	-0.327	0
348	-0.351	-0.098	-0.214	-0.122	-0.116	0.052	-0.342	-0.194	-0.107	0.12	0.094	-0.072	0.339	-0.062	-0.188	-0.101	0.067	-0.011	-0.055	-0.557	0.101	-0.084	-0.027	-0.073	-0.108	-0.087	0.241	-0.14	0.06	-0.153	0.066	-0.251	-0.08	-0.162	0.089	0.131	0.098	-0.23	-0.057	-0.16	0.085	0.042	-0.034	0.013	-0.003	0.247	-0.147	0.106	-0.209	-0.138	-0.287	-0.219	-0.13	-0.053	0.042	-0.138	-0.35	-0.024	-0.07	-0.268	0.016	-0.004	0.053	-0.109	-0.038	-0.184	0.201	-0.101	-0.015	-0.168	1
365	-0.166	-0.038	-0.046	-0.12	-0.216	-0.088	-0.236	0.029	0.02	0.134	0.061	0.032	0.051	-0.16	0.259	-0.016	-0.107	-0.166	-0.217	-0.286	0.164	-0.144	-0.068	0.006	-0.251	0.175	-0.222	-0.09	-0.151	0.038	0.093	-0.28	-0.323	-0.003	0.113	0.026	-0.095	0.035	0.159	-0.228	0.038	0.157	0.038	-0.056	-0.144	-0.655	0.024	0.006	-0.513	-0.154	-0.484	-0.588	0.128	-0.102	0.069	-0.104	-0.243	-0.175	-0.237	-0.111	-0.155	-0.023	-0.036	-0.301	-0.304	-0.514	-0.044	-0.347	-0.216	-0.098	1
36	-0.357	-0.369	-0.368	-0.219	-0.157	0.142	-0.027	0.472	-0.278	-0.078	0.04	-0.349	-0.017	-0.111	-0.016	-0.042	0.116	-0.018	-0.154	0.15	-0.05	-0.177	-0.137	-0.098	-0.174	0.254	-0.105	-0.051	-0.274	0.021	-0.159	-0.09	-0.277	-0.086	-0.151	0.059	-0.186	-0.442	0.188	-0.336	0.078	-0.128	-0.021	-0.014	-0.079	-0.414	-0.076	0.036	-0.348	-0.111	-0.347	-0.416	0.305	-0.025	-0.039	-0.105	0.459	-1.055	-0.161	0.48	-0.486	0.154	-0.002	-0.455	-0.307	-0.303	-0.149	-0.273	-0.025	-0.332	1
205	0.195	-0.057	0.171	0.034	0.134	-0.174	0.051	0.071	0.12	-0.082	-0.176	0.027	-0.054	-0.066	-0.743	0.061	-0.069	-0.025	-0.099	-0.178	-0.126	0.074	0.199	-0.021	0.064	0.037	0.3	-0.147	0.092	-0.114	0.001	-0.107	-0.437	-0.023	0.099	-0.036	0.157	0.044	-0.075	0.008	0.019	0.144	0.003	0.159	-0.277	0.121	0.096	0.011	-0.049	0.075	0.207	-0.055	0.057	-0.122	0.15	0.109	0.443	0.16	0.135	0.404	0.064	0.153	-0.069	-0.118	-0.025	-0.127	-0.128	0.161	-0.092	-0.183	1
375	-0.542	-0.053	-0.169	0.032	0.086	0.11	0.024	0.088	-0.161	0.135	-0.123	-0.077	-0.042	-0.145	-0.38	-0.097	0.03	0.005	-0.044	0.009	-0.115	0.171	0.108	0.091	-0.163	0.095	-0.189	0.048	-0.01	0.458	-0.289	0.447	-0.395	-0.018	0.016	0.085	-0.019	0.04	-0.06	-0.056	-0.034	-0.04	0.057	0.15	0.036	0.13	0.03	0.143	-0.101	0.073	0.015	-0.14	-0.074	0.045	0.039	0.021	-0.23	-0.007	0.046	-0.148	-0.048	0.065	0.099	-0.154	-0.074	-0.232	0.03	-0.205	-0.176	-0.105	1
197	-0.184	-0.031	-0.456	-0.669	0.267	-0.254	-0.217	0.368	-0.358	-0.153	-0.261	-0.239	-0.402	0.061	-0.81	-0.013	0.099	-0.79	0.045	-0.345	-0.431	-0.165	-0.33	-0.212	-0.288	0.33	0.095	-0.085	-0.176	-0.574	0.31	-0.152	-0.857	-0.428	-0.241	-0.286	-0.048	-0.569	0.095	-0.451	0.177	-0.434	0.045	0.204	-0.101	0.156	0.556	-0.237	-0.269	-0.312	-0.457	-0.111	0.565	-0.246	-0.267	0.078	-0.36	-0.265	-0.27	-0.223	-0.244	0.359	0.1	-0.578	-0.366	-0.558	0.181	-0.523	-0.475	0.077	1
332	0.31	-0.186	0.427	-0.212	0.153	-0.372	0.095	-0.203	0.439	-0.364	-0.004	0.369	-0.313	0.238	-1.265	-0.047	0.02	0.006	0.017	0.179	-0.336	0.084	-0.042	0.086	-0.071	-0.123	0.234	0.063	0.137	-0.646	0.352	0.111	-0.722	-0.369	0.301	-0.285	0.077	0.204	-0.429	0.273	0.149	-0.126	-0.164	0.053	0.386	-0.064	0.101	-0.173	-0.042	0.326	0.19	-0.167	-0.199	0.345	-0.278	0.168	-0.13	0.062	0.114	-0.062	-0.076	0.457	-0.17	-0.202	0.031	0.091	0.168	-0.045	0.079	-0.232	1
377	0.109	-0.149	-0.392	0.169	0.31	-0.065	0.387	-0.079	-0.415	-0.094	-0.451	-0.093	0.069	0.064	-0.642	0.002	0.069	0.307	0.277	-0.312	-0.255	0.106	-0.014	0.149	0.084	0.03	0.09	0.006	0.275	-0.384	0.27	0.141	-0.401	-0.286	0.121	-0.179	0.005	0.167	-0.066	0.152	0.062	-0.005	-0.044	-0.14	0.044	0.753	-0.115	-0.225	0.127	0.078	0.158	-0.141	-0.208	0.216	-0.22	-0.035	-0.419	0.303	0.101	-0.349	0.38	0.061	-0.164	0.041	-0.047	0.165	-0.22	0.223	0.366	0.289	1
142	-0.047	-0.312	-0.174	-0.298	-0.142	0.034	-0.09	0.177	-0.237	-0.039	-0.137	-0.064	-0.109	-0.127	-0.401	-0.074	0.032	-0.221	-0.079	0.18	0.092	-0.111	-0.163	-0.194	-0.048	0.115	-0.241	-0.129	-0.137	0.136	-0.155	-0.226	-0.075	-0.076	0.034	0.224	-0.039	0.181	0.115	-0.271	0.018	-0.189	-0.073	-0.034	-0.015	0.155	0.14	0.221	-0.131	-0.152	-0.056	-0.053	0.061	-0.077	0.173	-0.128	0.125	-0.136	-0.204	0.113	-0.15	0.124	-0.111	0.126	-0.058	-0.411	-0.025	-0.323	-0.123	-0.259	1
303	-0.022	0.151	-0.5	-0.317	-0.148	0.125	-0.237	0.527	-0.206	0.159	0.121	-0.231	0.346	-0.277	0.042	0.092	0.143	-0.004	-0.028	-0.126	0.007	0.092	-0.115	-0.185	-0.193	0.382	-0.099	0.042	-0.14	0.24	-0.191	0.079	0.13	0.185	-0.088	0.075	-0.019	-0.207	0.099	-0.067	0.09	-0.227	0.154	-0.096	-0.055	-0.332	0.173	0.171	-0.281	-0.251	-0.557	0.233	0.188	-0.094	0.064	0.144	-0.022	-0.276	0.094	-0.053	-0.103	0.002	0.148	-0.363	-0.186	-0.504	0.056	-0.387	0.348	0.019	1
140	0.007	-0.219	-0.112	-0.106	-0.008	-0.134	-0.213	-0.071	-0.148	-0.111	0.07	-0.093	-0.248	-0.254	-0.067	-0.014	0.092	0.075	-0.142	-0.651	-0.004	-0.048	-0.18	-0.083	0.023	-0.014	0.164	-0.123	0.005	-0.133	-0.181	-0.178	-0.525	0.198	0.01	0.014	0.047	-0.069	-0.024	-0.096	-0.041	-0.102	-0.033	-0.138	-0.091	-0.39	-0.164	0.067	-0.437	-0.152	-0.659	-0.399	-0.307	-0.206	0.115	-0.118	-0.338	0.031	-0.159	-0.22	-0.176	-0.257	-0.215	-0.129	-0.169	-0.351	0.272	-0.245	0.193	-0.264	1
144	-0.133	-0.784	-0.01	0.133	-0.062	-0.013	0.376	-0.81	0.186	-0.322	-0.111	-0.199	-0.53	-0.093	-1.158	0.328	-0.244	-0.072	0.11	-0.283	-0.188	-0.195	0.12	0.197	0.508	0.009	-0.053	0.496	0.033	-0.653	0.139	-0.53	-0.871	-0.336	0.161	-0.233	-0.143	-0.317	-0.401	0.648	0.251	0.151	0.036	-0.066	-0.1	0.255	0.055	-0.391	-0.046	-0.042	0.067	-0.088	0.047	0.239	-0.362	0.222	-0.497	-0.538	-0.088	-0.26	-0.036	0.125	0.436	0.188	-0.284	-0.078	0.523	-0.171	-0.739	0.015	1
169	-0.945	0.242	0.23	0.306	-0.45	-0.033	-0.307	-0.768	0.276	-0.039	0.274	0.269	-0.221	-0.025	-0.487	-0.355	-0.17	-0.459	-0.104	-0.708	-0.109	-0.431	0.378	0.255	0.14	-0.296	0.439	-0.005	0.104	-0.395	-0.064	-0.331	-0.442	0.027	0.266	0.239	0.034	-0.301	-0.597	0.079	-0.263	0.409	0.008	0.149	-0.077	0.16	-0.366	0.253	-0.096	0.197	0.206	-0.426	-0.24	0.222	-0.009	-0.177	-0.616	-0.052	0.16	-0.535	0.433	-0.659	-0.348	0.181	-0.087	0.023	0.237	0.064	0.026	-0.299	1
214	-0.483	-0.121	-0.242	-0.368	-0.208	0.083	-0.137	-0.015	-0.349	0.035	0.077	-0.143	-0.172	-0.166	-0.401	-0.04	-0.182	-0.032	-0.16	-0.669	0.092	-0.168	-0.24	0.049	-0.292	-0.018	0.052	0.089	-0.026	0.124	-0.307	-0.211	0.855	0.115	-0.041	0.044	-0.112	-0.163	-0.088	-0.289	-0.045	-0.078	0.103	-0.076	-0.11	-0.142	-0.267	0.092	-0.311	-0.096	-0.533	-0.339	-0.026	-0.231	0.205	0.015	-0.269	-0.055	0.071	-0.202	-0.101	-0.277	0.001	-0.34	-0.172	-0.49	0.098	-0.475	-0.135	-0.265	1
174	-0.179	-0.366	-0.201	-0.096	0.084	0.054	0.256	-0.279	0.118	-0.121	-0.227	0.111	-0.117	0.014	0.089	0.074	-0.449	0.024	-0.393	-0.496	-0.315	0.224	0.333	-0.196	0.32	0.276	0.097	0.244	-0.053	-0.229	-0.126	-0.3	-0.046	-0.123	-0.024	0.235	0.078	0.128	-0.454	0.168	0.157	-0.094	0.266	-0.264	-0.105	0.449	-0.295	0.275	-0.161	-0.221	-0.24	-0.169	0.162	-0.087	-0.071	-0.222	1.103	-0.262	0.058	1.104	0.12	0.168	0.18	-0.251	0.334	-0.13	-0.255	0.089	-0.897	-0.216	1
233	-0.251	-0.104	-0.192	-0.241	-0.03	0.061	-0.089	0.164	-0.174	0.103	0.154	-0.07	0.267	-0.275	0.312	-0.22	-0.09	-0.221	-0.266	-0.449	0.089	-0.178	-0.226	-0.199	-0.119	0.301	0.082	-0.169	0.017	0.446	-0.352	-0.251	0.719	0.32	-0.136	0.106	-0.253	-0.174	0.202	-0.186	-0.164	-0.084	0.204	-0.161	-0.174	-0.491	0.031	0.205	-0.196	-0.005	-0.469	-0.194	0.096	-0.046	0.019	-0.06	-0.332	-0.148	-0.005	-0.247	-0.227	-0.246	0.07	-0.145	-0.228	-0.582	-0.167	-0.474	0.081	-0.215	1
390	-0.113	0.022	-0.333	-0.216	-0.08	-0.11	-0.321	0.3	-0.267	0.12	-0.022	-0.125	0.199	-0.026	0.496	-0.103	-0.001	-0.017	-0.005	-0.59	0.217	-0.228	-0.136	-0.264	-0.276	-0.014	0.194	0.046	-0.126	0.402	0.076	-0.193	-0.123	0.034	-0.101	0.042	0.093	0.041	0.098	-0.182	-0.187	-0.245	0.213	-0.039	-0.186	-0.425	-0.165	0.011	-0.293	-0.131	-0.775	-0.151	0.522	-0.106	-0.202	-0.006	-0.458	-0.206	-0.387	-0.328	-0.146	0.094	-0.041	-0.327	-0.136	-0.395	-0.151	-0.043	-0.077	-0.268	1
264	-0.234	-0.243	0.115	-0.077	-0.012	-0.133	-0.044	0.142	0.122	-0.088	0.007	0.15	0.214	0.08	0.149	0.052	-0.036	-0.354	-0.149	-0.578	0.059	0.032	0.078	0.051	0.098	0.323	-0.112	0.04	0.087	0.367	0.097	-0.323	-0.491	0.019	-0.079	0.013	0.016	-0.012	0.081	0.172	-0.19	0.047	0.179	0.092	0.009	-0.398	-0.124	0.09	-0.07	0.032	-0.324	-0.309	0.039	0.124	-0.051	-0.01	0.29	0.008	-0.242	0.262	0.103	-0.129	-0.238	-0.011	-0.176	0.07	0.031	-0.12	-0.061	-0.262	1
290	-0.763	-0.094	-0.364	-0.213	-0.236	-0.047	-0.247	-0.03	-0.337	-0.059	0.16	-0.173	0.445	-0.002	0.136	-0.093	-0.27	-0.115	-0.071	-0.47	0.083	-0.27	-0.189	-0.065	-0.091	-0.097	0.209	0.019	0.019	-0.101	0.034	-0.155	-0.373	0.255	0.134	0.007	-0.013	-0.044	0.04	-0.212	-0.161	0.042	-0.004	0.038	0.088	0.323	-0.321	0.039	-0.256	-0.016	-0.554	-0.167	-0.285	-0.064	0.047	-0.115	-0.375	-0.159	-0.288	-0.255	-0.089	-0.223	-0.022	-0.228	0.136	-0.386	0.167	-0.073	0.088	-0.388	1
394	-0.294	-0.142	-0.271	-0.431	-0.027	-0.105	0.138	-0.134	-0.154	0.193	0.164	-0.06	0.319	-0.178	0.07	-0.129	-0.357	0.297	-0.101	-0.439	0.221	-0.174	0.067	-0.24	-0.015	-0.025	-0.005	-0.118	0.108	0.619	-0.184	-0.125	0.224	0.111	0.058	-0.073	0.041	-0.107	-0.03	-0.162	-0.08	-0.005	0.181	0.059	-0.223	-0.354	-0.211	0.006	0.024	-0.099	-0.644	-0.414	0.033	-0.017	0.171	-0.214	-0.211	-0.565	-0.162	-0.137	-0.325	-0.122	0.208	-0.238	0.03	-0.296	-0.197	0.078	-0.03	-0.433	1
135	0.328	0.033	0.541	0.193	0.022	-0.22	0.48	-0.446	0.655	-0.192	0.051	0.394	-0.341	0.033	-1.077	0.116	-0.177	-0.34	0.013	-0.525	-0.311	0.046	0.338	0.135	0.342	-0.126	0.191	0.335	-0.02	-0.577	0.103	-0.207	-0.626	-0.205	0.294	-0.524	0.109	0.325	-0.644	0.603	-0.03	0.104	-0.083	-0.024	0.086	-0.072	0.061	-0.44	0.237	0.534	0.434	0.152	0.02	0.297	0.09	0.202	-0.36	0.344	0.427	-0.143	-0.056	0.187	0.326	0.198	-0.024	0.305	0.057	0.411	-0.174	-0.057	1
335	0.169	0.091	0.278	0.176	0.117	-0.285	0.207	-0.556	0.252	-0.367	-0.377	0.212	-0.44	0.464	-0.85	-0.019	-0.208	0.53	0.458	-0.61	-0.304	0.351	0.113	0.2	0.449	-0.236	0.089	0.325	0.326	-0.28	0.56	0.471	-0.622	-0.239	0.319	-0.124	0.322	0.309	-0.665	0.412	-0.289	0.165	-0.047	0.056	0.429	0.101	-0.184	-0.189	0.552	0.089	0.639	0.171	-0.185	0.295	-0.306	0.038	-0.267	0.428	-0.046	-0.314	-0.128	0.302	-0.364	0.273	0.173	0.391	0.28	0.166	0.285	-0.194	1
209	-0.128	-0.109	-0.059	-0.184	-0.108	0.03	-0.016	-0.017	-0.026	0.028	0.026	-0.034	-0.058	-0.041	-0.239	-0.02	0.02	-0.006	0.044	-0.117	-0.054	0.011	0.01	-0.047	-0.013	0.033	0.04	-0.094	-0.063	0.04	0.049	-0.023	0.045	-0.01	-0.062	-0.067	-0.055	0.019	-0.011	-0.002	0.03	-0.055	0.023	0.008	0.008	0.027	-0.084	-0.154	-0.143	-0.023	-0.103	0.013	-0.029	-0.069	-0.063	0.04	0.102	0.086	-0.009	0.066	-0.06	-0.096	0.378	-0.064	0.005	-0.158	0.007	-0.1	-0.007	-0.117	1
380	-0.373	0.083	-0.066	-0.093	-0.067	0.029	-0.346	-0.084	-0.063	-0.054	0.09	-0.039	0.343	-0.079	-0.14	-0.196	-0.257	0.101	-0.041	-0.485	0.277	-0.145	-0.039	-0.176	-0.131	0.037	-0.158	0.014	-0.053	0.548	-0.155	-0.183	0.179	0.228	-0.148	0.131	-0.011	0.036	-0.095	-0.074	-0.213	0.03	0.148	0.001	-0.016	-0.514	0.073	0.111	-0.085	0.109	-0.584	-0.194	0.106	-0.042	-0.021	0.061	-0.413	-0.076	-0.093	-0.378	-0.135	-0.346	-0.025	-0.151	-0.073	-0.309	-0.079	-0.128	0.015	0.096	1
324	0.266	-0.008	-0.101	0.223	0.142	-0.067	0.226	-0.431	0.451	-0.35	-0.173	0.205	-0.431	0.103	-0.921	0.15	-0.317	-0.198	0.048	-0.417	-0.375	0.498	0.52	0.059	0.173	-0.178	0.101	-0.197	-0.033	-0.313	0.14	0.09	-0.503	-0.228	0.317	-0.23	0.025	0.297	-0.647	0.064	-0.144	0.063	-0.147	0.004	0.006	0.38	-0.351	-0.254	0.081	0.027	0.421	0.043	-0.41	0.109	-0.343	-0.082	-0.02	0.073	0.251	-0.009	-0.037	0.24	-0.393	-0.032	0.351	0.261	0.033	-0.018	-0.018	-0.402	1
160	-0.46	0.049	-0.072	-0.122	-0.053	0.304	-0.199	0.13	-0.067	0.055	0.151	-0.049	0.013	-0.229	0.305	0.048	-0.012	-0.02	-0.05	-0.569	0.067	-0.047	-0.053	-0.071	0.066	0.048	-0.009	-0.064	-0.027	0.041	-0.203	-0.053	0.372	0.218	-0.138	0.172	-0.036	0.01	0.312	-0.108	0.064	-0.129	0.144	-0.208	-0.083	0.118	0.102	0.154	-0.352	-0.047	-0.449	-0.121	0.193	-0.002	0.066	-0.185	-0.36	0.106	-0.052	-0.296	-0.359	0.023	-0.063	-0.061	-0.174	-0.401	-0.115	0.026	0.042	-0.335	1
199	-0.515	0.11	-0.243	0.021	0.129	0.278	-0.033	0.17	-0.042	0.244	0.121	-0.052	0.16	-0.129	-0.06	-0.06	-0.064	0.106	-0.088	-0.243	-0.227	0.047	0.204	-0.244	0.107	0.193	-0.047	-0.046	-0.04	-0.084	-0.323	-0.197	-0.257	0.069	-0.181	-0.084	-0.002	0.16	0.097	-0.071	0.046	-0.096	-0.006	-0.124	-0.272	0.39	0.014	0.027	-0.088	-0.249	-0.172	-0.102	-0.55	-0.148	-0.192	-0.153	0.317	-0.098	-0.212	0.255	-0.447	0.154	-0.012	-0.15	-0.168	0.031	-0.161	0.037	-0.118	-0.186	1
345	-0.094	-0.081	-0.176	-0.21	-0.039	-0.105	-0.386	-0.256	-0.255	-0.068	0.062	-0.22	-0.085	-0.112	0.489	-0.069	-0.014	-0.305	-0.013	0.078	-0.039	-0.182	-0.145	-0.108	-0.2	0.031	0.271	0.069	-0.187	0.108	0.145	-0.206	-0.196	0.056	0.154	0.136	-0.008	-0.466	0.037	-0.232	-0.086	-0.307	-0.02	0.071	-0.025	-0.302	-0.067	0.154	-0.392	-0.094	-0.856	-0.326	-0.037	-0.19	-0.149	-0.001	-0.479	-0.116	-0.114	-0.374	-0.09	-0.1	-0.113	-0.352	-0.227	-0.429	0.119	-0.326	0.495	-0.2	1
336	-0.223	-0.083	-0.229	-0.302	-0.016	0.059	-0.382	0.217	-0.303	-0.022	0.026	-0.164	0.035	-0.054	0.217	0.037	0.029	-0.2	0.087	0.042	0.113	-0.12	-0.262	-0.044	-0.159	0.113	-0.035	0.102	-0.053	0.422	0.075	-0.168	-0.173	0.354	0.168	0.052	-0.035	0.13	0.307	-0.235	-0.049	-0.252	0.204	0.005	-0.093	0.028	0.099	0.246	-0.326	0.079	-0.456	-0.249	0.473	-0.136	-0.041	-0.035	-0.458	0.028	-0.088	-0.331	-0.041	0.008	-0.11	-0.307	-0.117	-0.558	0.094	-0.487	0.186	-0.282	1
208	-0.136	-0.108	0.192	0.001	-0.073	-0.066	0.028	-0.121	0.268	-0.27	0.021	0.128	0.005	-0.046	-0.439	0.272	-0.148	-0.079	-0.226	-0.274	-0.11	-0.036	0.182	0.159	0.002	0.121	-0.12	-0.186	0.068	-0.338	-0.019	0.088	0.091	0.009	0.01	-0.341	-0.125	-0.138	-0.261	0.008	0.078	0.107	-0.016	0.052	-0.114	0.163	0.257	-0.203	0.111	0.005	-0.397	0.186	-0.172	0.017	-0.124	0.041	-0.247	-0.158	-0.071	-0.192	0.068	-0.011	0.391	-0.003	-0.136	-0.127	-0.015	-0.16	-0.025	0.29	1
29	-0.218	-0.042	-0.197	-0.217	-0.217	0.231	-0.216	0.206	-0.132	-0.152	0.318	-0.412	0.108	-0.252	0.342	-0.146	-0.001	-0.346	-0.092	-0.245	-0.071	-0.078	-0.204	-0.29	-0.219	0.06	-0.214	-0.193	-0.499	-0.17	-0.213	-0.16	0.163	0.258	-0.262	0.014	-0.464	-0.547	0.188	-0.295	0.162	-0.285	0.107	-0.4	-0.221	-0.568	0.027	0.158	-0.43	-0.46	-0.656	-0.207	0.349	-0.081	-0.159	-0.083	0.035	-0.532	-0.187	0.12	-0.255	0.042	-0.022	-0.202	-0.063	-0.291	-0.091	-0.372	-0.093	-0.167	1
247	-0.571	-0.241	0.171	0.206	-0.078	-0.064	-0.218	-0.148	0.164	0.166	0.15	0.114	-0.144	-0.215	0.381	0.094	0.163	0.319	0.032	-0.028	0.057	-0.149	0.229	-0.101	0.038	-0.126	-0.276	-0.199	-0.104	-0.286	-0.156	-0.293	0.71	-0.112	-0.045	-0.011	-0.043	-0.154	-0.057	-0.167	0.1	0.112	0.071	-0.018	-0.155	-0.323	-0.025	-0.014	-0.297	-0.145	-0.634	-0.506	0.641	-0.065	0.087	-0.119	-0.331	-0.219	-0.055	-0.322	0.005	-0.085	0.027	0.093	-0.343	-0.102	-0.037	-0.11	0.056	-0.39	1
383	0.09	-0.097	-0.003	0.053	0.003	0.027	-0.194	0.201	0.066	-0.323	0.219	0.035	-0.072	-0.071	0.107	0.096	-0.106	0.208	-0.155	-0.454	0.02	-0.197	-0.122	-0.009	-0.093	0.088	0.307	-0.155	-0.089	-0.38	-0.065	-0.224	0.595	0.165	0.077	-0.094	-0.115	0.12	0.094	-0.095	-0.121	0.052	-0.044	-0.185	-0.08	-0.483	-0.068	-0.077	-0.019	-0.043	-0.791	-0.471	0.37	0.004	-0.053	-0.057	-0.297	-0.292	-0.093	-0.153	-0.148	-0.036	0.133	-0.11	-0.131	-0.047	-0.119	-0.137	0.044	0.01	1
295	-0.463	-0.152	0.001	-0.007	0.023	0.072	-0.211	0.171	0.008	-0.003	0.15	-0.061	0	-0.192	-0.374	-0.058	0.085	-0.156	-0.108	-0.399	-0.041	-0.211	0.053	-0.062	0.015	0.038	0.199	-0.041	0.036	-0.337	-0.171	-0.275	0.299	-0.058	0.016	0.096	-0.141	-0.185	0.003	-0.097	0.046	0.04	0.072	-0.145	-0.08	0.129	-0.203	0.105	-0.336	-0.07	-0.253	-0.273	-0.206	-0.136	0.067	-0.101	-0.04	-0.114	0.036	-0.038	0.059	-0.02	-0.154	-0.118	-0.107	-0.274	-0.153	-0.078	-0.014	-0.135	1
277	-0.32	-0.047	-0.211	-0.082	0.065	-0.05	-0.321	0.243	-0.158	0.141	-0.009	-0.146	-0.083	0.046	0.766	-0.031	-0.35	-0.248	0.068	-0.909	0.015	-0.079	-0.028	-0.248	0.045	0.229	-0.052	0.245	-0.057	0.087	0.176	-0.228	0.589	0.219	0.033	0.311	0.168	-0.055	0.428	-0.106	-0.187	-0.221	0.006	0.057	-0.011	-0.33	-0.132	0.351	0.075	-0.159	-0.612	-0.049	0.064	-0.127	-0.061	0.066	-0.364	-0.045	-0.294	-0.256	-0.066	-0.243	-0.083	-0.331	-0.134	-0.314	0.029	0.039	0.049	-0.286	1
391	-0.616	-0.221	-0.355	-0.617	-0.339	-0.008	-0.401	0.08	-0.513	-0.137	0.23	-0.219	0.144	-0.254	-0.783	-0.281	-0.329	0.085	-0.193	-0.065	0.081	-0.362	-0.137	-0.199	-0.141	-0.126	0.464	-0.206	-0.047	-0.128	-0.179	-0.325	-0.166	0.036	0.013	0.111	-0.09	-0.367	-0.031	-0.519	-0.1	-0.343	0.295	-0.014	-0.228	-0.362	-0.16	0.082	-0.496	-0.261	-0.832	-0.439	-0.212	-0.318	0.039	-0.159	-0.452	-0.186	-0.018	-0.372	-0.263	-0.206	-0.244	-0.711	-0.272	-0.795	0.06	-0.614	-0.244	-0.354	1
366	0.001	0.322	-0.264	-0.006	0.1	-0.072	-0.132	-0.164	-0.3	0.094	-0.25	-0.166	0.099	0.251	-0.575	-0.043	0.063	0.265	-0.053	-0.248	-0.106	-0.102	-0.032	0.102	-0.235	0.18	-0.1	-0.022	0.087	-0.234	0.058	0.723	-0.632	-0.032	-0.173	0.151	0.058	0.053	0.291	-0.066	-0.15	-0.182	0.032	-0.037	-0.145	-0.399	0.087	0.183	-0.179	0.105	-0.256	-0.134	-0.178	-0.219	-0.285	-0.041	-0.205	-0.208	-0.136	-0.172	-0.372	-0.017	0.046	-0.136	-0.102	-0.328	0.042	-0.019	-0.107	-0.186	1
13	-0.592	-0.003	0.142	0.17	-0.068	0.324	-0.025	-0.095	0.224	0.376	0.179	0.151	0.121	-0.068	0.075	-0.346	-0.246	-0.206	-0.185	-0.521	-0.068	0.042	0.275	-0.028	0.183	-0.018	-0.586	-0.147	-0.033	0.218	-0.292	-0.293	-0.502	0.212	-0.223	0.496	-0.672	-0.025	0.183	0.002	-0.039	-0.006	0.376	-0.1	-0.085	-0.518	-0.174	0.492	-0.029	0.043	0.129	-0.205	-0.192	0.009	0.222	-0.142	0.252	0.133	-0.104	0.212	-0.613	-0.356	-0.209	0.143	-0.006	0.332	-0.476	-0.312	-0.124	0.026	1
226	0.22	-0.211	0.37	0.12	0.329	-0.318	0.252	-0.562	0.193	-0.015	-0.001	0.17	-0.427	0.032	-1.308	0.122	-0.048	0.033	0.132	0.225	-0.305	0.35	-0.029	0.333	0.109	-0.107	-0.229	-0.011	0.041	-0.534	0.07	-0.218	-1.11	-0.399	0.277	-0.501	0.249	-0.12	-0.459	0.136	-0.032	0.294	-0.19	0.218	0.262	0.257	0.184	-0.409	0.177	0.324	1.043	0.374	-0.068	0.336	-0.148	0.066	-0.653	0.32	0.021	-0.372	-0.254	0.308	0.331	0.249	-0.186	0.303	0.163	0.355	-1.222	-0.057	1
258	-0.035	0.026	-0.168	-0.159	-0.247	0.062	0.609	0.146	-0.161	0.202	0.065	-0.063	0.183	-0.063	-0.361	0.114	0.007	-0.117	-0.168	-0.017	-0.083	0.208	-0.079	-0.219	-0.097	0.314	-0.213	-0.076	0.005	0.058	-0.418	0.056	0.412	0.297	-0.178	0.077	-0.356	-0.02	0.045	0.001	0.236	0.089	0.082	-0.316	0.153	-0.279	0.145	0.121	-0.12	-0.093	0.232	-0.234	-0.552	-0.03	0.089	0.047	-0.068	-0.073	0.104	-0.011	-0.067	-0.083	0.175	0.064	0.046	-0.018	-0.244	-0.333	-0.196	-0.086	1
165	0.333	0.598	-0.041	0.188	0.003	-0.161	0.161	-0.283	0.056	0.408	-0.177	0.057	-0.015	0.044	-0.24	-0.049	-0.046	-0.029	0.231	-0.172	-0.181	-0.168	0.264	0.113	0.148	-0.139	-0.076	0.046	0.07	-0.162	0.26	-0.44	0.139	-0.183	-0.096	-0.189	0.191	0.041	-0.436	0.337	-0.118	0.26	-0.145	0.377	-0.096	0.061	-0.068	-0.152	0.184	0.298	0.182	-0.047	-0.288	0.237	0.025	0.036	-0.527	0.009	-0.135	-0.355	0.607	-0.185	-0.124	0.082	0.334	0.113	-0.02	0.7	-0.178	0.777	1
118	-0.606	-0.153	-0.088	-0.087	0.063	-0.161	-0.078	-0.164	-0.119	0.112	0.477	-0.112	0.014	-0.132	0.557	-0.234	-0.04	-0.338	-0.183	-0.091	0.118	-0.164	-0.07	-0.131	-0.028	0.241	-0.264	0.101	-0.191	0.185	-0.038	-0.34	-0.306	0.073	0.179	-0.052	-0.096	-0.272	-0.066	-0.08	-0.113	0.016	0.173	0.059	-0.022	-0.377	-0.149	-0.03	-0.118	0.021	-0.437	-0.449	0.256	-0.11	-0.084	0.065	0.128	-0.155	-0.084	0.09	-0.07	-0.081	0.108	-0.27	-0.148	-0.239	-0.014	-0.235	0.223	-0.17	1
200	0.187	0.038	-0.227	-0.254	0.026	0.133	-0.258	0.458	-0.137	0.242	0.073	-0.031	0.403	-0.247	0.355	-0.041	0.221	-0.02	-0.002	-0.538	0.213	-0.14	-0.212	-0.309	-0.167	0.224	0.084	-0.292	-0.023	0.315	-0.135	-0.106	-0.427	0.051	-0.15	-0.279	0.066	-0.075	0.257	-0.165	0.092	-0.15	-0.01	0.044	-0.153	0.326	-0.102	-0.251	0.16	-0.223	-0.663	-0.091	0.212	-0.17	0.11	-0.088	-0.185	-0.121	0	-0.114	-0.25	0	-0.022	-0.11	-0.176	-0.33	0.116	-0.373	-0.213	-0.24	1
281	-0.336	0.115	-0.133	-0.237	-0.104	0.044	-0.246	0.058	-0.158	-0.072	-0.096	-0.049	0.124	-0.093	-0.052	-0.044	0.22	-0.096	0.046	0.033	0.133	-0.055	-0.157	-0.111	-0.118	-0.242	-0.091	-0.093	-0.032	0.265	-0.079	-0.231	0.22	-0.052	0.112	0.201	-0.066	-0.094	-0.019	-0.224	0.021	-0.111	0.084	-0.071	-0.003	-0.079	-0.082	0.176	-0.303	-0.106	-0.429	-0.461	-0.161	-0.148	0.162	-0.035	-0.146	-0.013	0.142	-0.097	-0.125	0.061	0.003	-0.235	-0.2	-0.359	0.254	-0.306	0.359	-0.131	1
129	0.105	-0.137	-0.02	-0.272	-0.051	0.032	-0.181	-0.142	-0.03	0.135	0.072	-0.007	-0.096	-0.15	0.446	0.046	-0.205	0.11	-0.24	-0.348	0.053	-0.06	-0.014	0.126	-0.025	-0.02	-0.014	0.047	0.022	0.176	-0.108	-0.227	0.628	-0.067	-0.056	0.085	0.119	-0.113	0.045	-0.112	-0.007	0.018	0.102	-0.02	-0.077	-0.335	-0.171	0.152	-0.213	0.027	-0.721	-0.089	0.299	-0.039	0.211	-0.1	0.033	-0.009	-0.198	0.023	0.038	-0.207	0.149	-0.286	-0.17	-0.245	-0.206	-0.054	-0.142	-0.219	1
357	-0.353	-0.232	-0.312	-0.503	-0.168	-0.078	-0.204	0.033	-0.271	-0.025	-0.003	-0.082	-0.032	-0.155	-0.138	-0.101	0.018	-0.187	-0.005	-0.699	0.142	-0.101	0.074	-0.121	-0.193	0.048	0.112	0.054	-0.107	0.146	-0.102	-0.189	-0.052	0.017	0.058	0.134	-0.081	-0.088	0.038	-0.328	-0.156	-0.3	0.055	-0.12	-0.146	-0.041	-0.205	0.15	-0.401	-0.204	-0.648	-0.455	0.073	-0.252	0.041	-0.183	-0.005	-0.2	-0.202	-0.021	-0.1	0.075	-0.186	-0.614	-0.046	-0.507	0.02	-0.276	-0.182	-0.139	1
28	-0.199	-0.309	-0.304	-0.404	0.037	0.175	-0.281	-0.381	-0.403	0.01	0.057	-0.28	0.023	-0.096	-0.011	-0.116	-0.062	-0.128	0.028	-0.498	-0.001	-0.292	-0.219	-0.249	-0.468	-0.216	-0.063	-0.083	-0.394	0.046	-0.082	-0.1	-0.381	0.113	-0.143	0.049	-0.245	-0.114	-0.068	-0.674	-0.14	-0.422	0.08	-0.116	-0.027	-0.346	-0.045	0.08	-0.427	-0.251	-0.388	-0.21	0.034	-0.165	0.025	-0.132	-0.149	-0.278	-0.212	-0.078	-0.153	0.162	-0.152	-0.542	-0.207	-0.713	-0.171	-0.617	-0.612	-0.23	1
163	0.475	-0.314	0.037	0.043	0.038	0.126	0.105	-0.236	-0.046	-0.112	-0.15	0.024	-0.181	0.051	-0.289	-0.055	-0.186	-0.212	-0.336	-0.583	-0.043	0.17	-0.158	0.181	-0.006	-0.136	-0.167	0.023	0.001	-0.035	-0.186	0.495	-0.918	-0.044	-0.049	0.045	0.103	0.17	-0.24	0.116	-0.116	0.051	-0.049	0.112	-0.009	-0.067	-0.073	0.089	0.327	-0.018	-0.488	0.397	-0.061	0.056	0.027	0.047	0.156	0.071	0.492	0.149	0.105	-0.353	0.15	0.293	0.004	0.246	-0.111	-0.105	-0.594	-0.054	1
364	-0.664	0.359	-0.26	-0.173	-0.095	0.139	0.149	0.031	0.297	-0.155	0.265	0.045	0.361	-0.197	-0.341	-0.181	-0.115	-0.467	-0.153	0.115	-0.256	0.02	-0.104	-0.129	0.016	0.082	0.093	-0.428	-0.416	-0.36	-0.282	-0.309	-0.796	0.312	-0.429	-0.006	-0.613	0.169	-0.153	-0.199	-0.205	-0.157	0.479	-0.39	-0.497	-0.385	0.001	-0.161	-0.028	-0.32	-0.684	0.223	-0.651	-0.335	-0.444	0.148	-0.221	-0.313	-0.01	0.095	-0.268	-0.25	0.371	-0.321	-0.054	-0.441	-0.473	0.262	-0.291	0.629	1
304	-0.227	0.039	-0.07	-0.208	-0.127	0.006	0.135	0.165	-0.016	0.238	0.166	-0.032	-0.034	-0.048	0.23	0.027	0.221	0.109	-0.085	-0.126	-0.18	0.038	0.039	-0.192	-0.118	0.375	0.022	0.099	-0.022	0.074	-0.064	0.102	-0.382	-0.157	-0.298	-0.031	-0.16	-0.183	0.29	-0.108	-0.034	-0.111	0.066	0.117	-0.028	-0.178	-0.017	0.235	-0.206	-0.032	-0.6	-0.21	-0.267	-0.108	0.169	0.116	0.446	-0.184	-0.132	0.404	-0.239	0.02	0.044	-0.226	-0.292	-0.493	-0.059	-0.213	-0.021	-0.104	1
156	-0.169	0.011	-0.14	-0.153	-0.131	0.145	-0.147	0.075	-0.105	-0.069	0.148	-0.023	0.424	-0.162	0.284	-0.04	-0.099	-0.097	-0.314	-0.414	0.084	-0.196	-0.256	-0.013	0.008	0.089	-0.065	-0.102	0.068	0.23	-0.206	-0.124	0.354	0.323	-0.033	0.103	-0.06	-0.078	0.283	-0.025	0.073	0.05	0.021	-0.007	0.021	-0.083	-0.068	0.136	-0.294	-0.111	-0.325	-0.22	0.045	-0.076	0.166	0.022	-0.322	0.068	0.082	-0.224	-0.126	0.001	0.1	-0.098	-0.178	-0.301	-0.033	-0.253	-0.176	-0.24	1
154	-0.286	-0.098	-0.366	-0.381	-0.154	-0.002	-0.239	-0.258	-0.365	0.102	0.086	-0.226	0.095	-0.266	0.438	-0.113	0.025	-0.399	-0.137	-0.496	0.092	-0.359	-0.314	-0.15	-0.23	-0.049	-0.024	-0.096	0.023	-0.015	-0.272	-0.317	0.541	0.11	-0.013	0.087	-0.091	-0.173	0.018	-0.29	0.004	-0.168	0.107	-0.006	-0.083	-0.16	-0.09	0.166	-0.493	-0.159	-0.697	-0.211	-0.223	-0.208	0.232	-0.028	-0.487	-0.182	-0.031	-0.361	-0.198	-0.06	-0.09	-0.49	-0.258	-0.634	0.15	-0.502	-0.114	-0.285	1
27	-0.45	-0.148	-0.266	-0.542	-0.123	0.182	-0.231	0.459	-0.289	0.212	0.197	-0.191	0.258	-0.217	0.295	-0.168	0.105	-0.156	0.028	-0.578	0.206	-0.082	-0.176	-0.201	-0.291	0.102	-0.034	-0.062	-0.286	0.672	-0.114	-0.348	0.123	0.44	-0.186	0.187	-0.196	0.022	0.269	-0.324	-0.173	-0.257	0.034	-0.078	-0.174	-0.22	-0.128	0.178	-0.258	-0.219	-0.457	-0.214	-0.021	-0.186	0.219	-0.085	-0.301	-0.093	-0.21	-0.303	-0.334	0.028	0.012	-0.541	-0.26	-0.461	-0.078	-0.361	-0.316	-0.245	1
392	0.223	-0.174	0.058	0.251	-0.278	0.251	0.193	-0.324	0.081	-0.141	-0.275	0.071	-0.242	0.264	-0.711	-0.283	-0.022	-0.293	0.126	-0.404	-0.221	0.413	0.424	-0.11	0.147	-0.125	-0.278	0.124	0.176	-0.224	0.099	-0.132	-0.632	0.139	0.048	0.064	0.223	0.478	-0.257	0.139	-0.134	-0.007	0.111	0.116	-0.241	0.346	-0.1	0.11	0.123	0.058	0.034	0.251	0.166	0.087	0.006	-0.061	-0.428	0.22	-0.091	-0.378	-0.086	-0.122	-0.094	0.064	0.076	0.309	-0.504	0.71	-0.118	-0.204	1
145	-0.226	-0.508	-0.403	-0.167	-0.273	-0.083	-0.059	-0.216	-0.186	-0.003	0.099	-0.042	-0.244	-0.353	-0.84	-0.158	0.355	0.264	-0.127	-0.49	0.023	-0.077	0.017	-0.263	-0.033	-0.238	-0.009	-0.191	0.015	-0.626	-0.413	-0.36	-0.551	-0.183	-0.131	0.074	-0.269	-0.323	-0.36	-0.34	0.228	-0.274	0.54	-0.246	0.107	-0.87	-0.163	0.136	-0.495	-0.218	-0.92	-0.342	-0.195	-0.367	0.114	-0.257	-0.35	-1.12	0.037	-0.122	-0.199	-0.17	0.139	-0.19	-0.158	-0.475	0.022	-0.524	0.256	-0.094	1
170	-0.412	-0.248	-0.343	-0.285	-0.039	-0.173	-0.281	0.053	-0.193	-0.027	-0.015	-0.105	-0.121	-0.132	0.442	-0.102	0.288	-0.016	0.028	-0.326	0.026	-0.013	-0.151	-0.304	-0.065	-0.111	-0.119	-0.027	-0.143	-0.013	-0.045	-0.444	0.423	-0.103	-0.179	0.148	-0.148	-0.15	0.173	-0.101	-0.056	-0.279	-0.022	0.057	-0.157	-0.139	0.239	0.127	-0.42	-0.225	-0.494	-0.43	-0.062	-0.221	-0.073	-0.113	-0.035	-0.207	-0.177	0.025	-0.274	0.109	-0.043	-0.37	-0.211	-0.411	0.003	-0.301	-0.117	-0.27	1
167	-0.278	-0.104	-0.198	-0.217	-0.176	-0.007	-0.147	0.085	-0.149	-0.008	-0.04	-0.067	-0.003	-0.159	-0.059	-0.107	0.116	-0.024	-0.109	-0.601	0.086	-0.259	-0.091	-0.083	-0.163	0.007	0.282	-0.062	-0.053	-0.07	-0.094	-0.331	0.487	0.167	0.066	0.132	-0.076	-0.202	0.045	-0.137	-0.037	0.052	0.073	0.079	-0.098	-0.063	-0.077	0.169	-0.354	-0.05	-0.18	-0.373	-0.12	-0.132	0.18	-0.043	-0.367	-0.093	0.005	-0.283	-0.03	-0.042	-0.1	-0.319	-0.19	-0.448	0.116	-0.312	-0.234	-0.319	1
378	0.243	-0.327	0.458	0.332	-0.226	-0.013	-0.379	-0.372	0.359	0.264	-0.156	0.218	-0.494	0.161	-0.18	-0.345	-0.075	0.092	-0.162	-0.457	-0.279	-0.236	0.169	-0.016	0.134	-0.261	-0.022	0.077	0.08	-0.312	0.295	-0.376	-0.27	0.42	0.091	0.311	-0.076	0.225	-0.581	0.001	-0.017	0.078	-0.08	0.116	0.072	-0.404	0.049	0.268	0.012	0.076	-0.284	0.079	0.078	0.145	-0.18	-0.357	-0.5	-0.032	0.252	-0.242	0.431	-0.153	0.283	0.248	0.193	0.088	-0.12	0.072	0.08	0.104	1
212	0.138	0.051	0.261	0.318	0.207	-0.239	0.244	0.033	0.206	-0.165	-0.373	0.081	-0.2	0.128	-0.885	0.083	0.256	0.02	0.127	0.206	-0.269	0.095	0	0.139	0.183	0.103	0.102	-0.045	-0.051	-0.521	-0.025	0.377	-0.57	-0.261	0.109	-0.1	-0.056	-0.063	-0.295	0.071	0.157	-0.05	-0.172	-0.002	0.114	-0.044	0.456	-0.096	0.204	-0.08	0.424	-0.161	-0.013	0.069	-0.145	0.137	-0.309	-0.125	0.104	-0.311	-0.172	0.437	-0.221	0.027	0.177	0.047	-0.012	0.004	0.217	0.042	1
293	-0.333	0.208	0.281	0.206	0.104	-0.183	-0.442	-0.366	-0.034	0.091	-0.023	0.011	-0.335	0.033	0.338	-0.289	0.045	0.234	-0.001	-0.834	-0.01	-0.248	0.029	-0.15	0.103	-0.201	-0.076	0.402	0.019	-0.213	0.348	-0.381	-0.598	0.018	0.113	0.263	0.131	0.019	-0.298	-0.031	-0.238	-0.001	-0.028	0.2	0.087	-0.425	-0.303	0.271	-0.042	-0.051	-0.552	0.01	0.138	-0.118	-0.077	0.09	-0.64	-0.134	-0.129	-0.455	0.483	-0.455	-0.081	0.095	-0.026	-0.008	-0.134	0.241	0.383	-0.233	1
235	-0.077	-0.314	-0.34	0.075	-0.027	-0.034	-0.022	-0.312	-0.173	-0.166	0.159	-0.073	0.064	0.057	0.873	-0.003	0.21	-0.244	-0.284	-0.473	0.259	0.06	-0.338	-0.182	-0.119	-0.129	-0.4	0.083	-0.223	0.59	0.169	-0.44	-0.578	0.039	0.022	-0.293	-0.033	-0.129	-0.196	-0.106	0.01	-0.168	0.036	0.02	-0.031	-0.223	0.012	-0.031	-0.191	-0.046	-0.545	0.07	0.171	-0.021	0.086	-0.196	-0.46	-0.141	-0.241	-0.223	-0.187	-0.179	0.477	-0.136	0.015	-0.283	-0.177	-0.162	-0.213	0.253	1
126	0.038	-0.092	0.166	0.227	-0.127	0.155	-0.048	-0.291	0.119	-0.091	0.062	0.069	0.009	0.026	-0.036	-0.172	-0.036	-0.254	-0.011	-0.203	-0.104	-0.09	0.139	-0.178	0.114	-0.088	-0.107	-0.084	-0.079	0.287	-0.108	-0.213	-0.416	-0.061	0.01	0.008	-0.193	0.137	-0.164	0.104	-0.033	0.143	0.06	0.102	-0.017	-0.44	-0.034	0.016	0.05	-0.072	-0.595	-0.145	0.032	0.043	0.017	-0.099	-0.188	-0.168	0.042	-0.124	-0.097	0.019	-0.084	0.164	-0.165	-0.126	-0.112	0.029	-0.138	0.148	1
125	-0.188	-0.153	-0.295	-0.566	-0.219	-0.18	-0.188	-0.317	-0.301	-0.113	0.018	-0.121	-0.155	-0.272	-0.531	-0.229	0.029	-0.169	-0.18	-0.062	0.088	-0.037	-0.148	-0.257	-0.128	-0.104	-0.224	-0.136	-0.009	0.19	-0.095	-0.337	0.241	-0.037	-0.124	0.068	-0.206	-0.074	-0.061	-0.213	-0.127	-0.189	0.018	-0.09	-0.183	-0.267	-0.092	0.087	-0.403	-0.071	-0.708	-0.216	0.389	-0.245	-0.007	-0.153	-0.405	-0.143	-0.102	-0.12	-0.141	0.146	-0.145	-0.527	-0.292	-0.663	-0.078	-0.194	-0.151	-0.268	1
373	0.251	0.012	-0.153	-0.374	0.163	0.119	-0.042	-0.256	-0.163	0.13	-0.062	-0.135	-0.033	-0.093	-0.336	-0.069	-0.02	0.364	-0.203	-0.514	0.152	-0.114	0.143	-0.315	0.004	-0.099	-0.168	0.119	-0.028	0.015	-0.575	-0.13	-0.492	0.215	-0.071	0.134	0.132	-0.106	-0.329	-0.259	-0.143	-0.316	0.027	0.018	-0.131	0.228	-0.045	0.179	-0.331	0.081	-0.557	0.249	-0.024	-0.148	0.216	-0.085	0.546	-0.244	-0.05	0.447	-0.249	0.024	0.128	-0.339	-0.079	-0.676	-0.068	-0.337	-0.095	0.007	1
215	0.411	0.095	0.244	0.073	0.251	-0.075	0.557	-0.624	0.171	-0.188	-0.114	0.112	-0.372	0.244	-1.223	0.378	-0.028	-0.385	0.296	0.017	-0.32	0.227	0.049	0.569	0.229	-0.205	-0.135	0.33	0.018	-0.584	0.141	-0.027	-0.659	0.075	0.205	-0.153	0.093	0.045	-0.502	0.459	0.048	0.163	-0.09	-0.087	0.334	-0.299	0.032	-0.041	0.461	0.678	0.541	-0.322	-0.091	0.142	-0.167	0.263	-0.4	0.898	0.495	-0.257	0.023	-0.241	-0.035	0.476	0.214	0.523	0.08	0.101	-0.123	0.039	1
310	0.383	-0.408	0.316	0.129	0.093	0.062	0.539	-0.511	0.34	-0.326	-0.122	0.217	-0.294	0.097	-1.107	-0.095	-0.407	0.057	0.071	-0.476	-0.154	-0.193	0.556	0.224	0.498	-0.313	-0.127	0.257	-0.213	-0.676	0.041	-0.009	-0.707	0.063	0.105	-0.034	0.092	0.184	-0.467	0.274	0.094	0.482	-0.257	-0.103	0.099	0.586	-0.237	-0.373	0.437	0.135	0.743	0.016	-0.099	0.489	-0.014	-0.104	-0.674	0.379	0.298	-0.502	0.039	-0.238	-0.401	0.223	0.299	0.203	0.003	0.09	-0.455	-0.11	1
12	-0.747	0.019	0.293	0.292	0.057	0.074	0.318	-0.439	0.32	-0.231	-0.235	0.251	-0.211	0.115	-1.18	0.313	0.374	0	-0.026	0.286	-0.191	0.174	-0.248	0.218	0.238	-0.101	0.001	-0.234	0.051	-0.642	-0.052	0.115	-0.537	-0.246	0.144	-0.191	0.199	-0.328	-0.297	0.151	0.385	0.078	-0.166	-0.027	0.01	0.257	0.264	-0.115	0.408	0.016	0.462	0.462	-0.222	0.219	0.004	0.19	-0.004	0.153	0.04	0.037	-0.108	0.321	-0.01	0.254	-0.335	0.253	-0.008	-0.026	0.232	-0.016	1
7	-0.332	-0.27	-0.295	-0.452	-0.148	0.047	-0.092	0.77	-0.319	0.183	0.007	-0.134	0.323	-0.349	-0.218	-0.147	0.002	-0.454	-0.053	-0.637	0.071	-0.096	-0.229	-0.14	-0.322	0.377	-0.207	-0.078	-0.372	0.289	-0.215	-0.213	-0.243	0.311	-0.181	0.255	-0.317	-0.115	0.609	-0.26	-0.18	-0.392	0.267	-0.202	-0.032	-0.392	-0.033	0.154	-0.474	-0.374	-0.407	-0.381	0.456	-0.148	-0.011	-0.037	-0.402	-0.161	-0.074	-0.266	-0.195	0.008	-0.047	-0.64	0.046	-0.718	-0.118	-0.483	-0.286	-0.191	1
124	0.008	-0.297	-0.036	-0.115	-0.207	-0.031	-0.005	0.17	0.01	0.212	0.138	-0.005	0.033	-0.3	0.689	0.039	0.128	-0.153	-0.266	-0.24	0.206	-0.208	-0.042	-0.153	0.08	0.178	-0.13	-0.12	0.052	0.211	-0.169	-0.222	-0.18	0.038	-0.195	-0.077	-0.254	-0.259	0.317	-0.097	0.095	0.063	0.178	-0.156	-0.091	-0.477	-0.221	-0.02	-0.386	-0.223	-0.739	-0.481	-0.027	-0.149	0.331	0.102	-0.189	0.031	-0.112	-0.121	0.121	-0.035	0.101	-0.098	-0.172	-0.29	0.033	-0.342	-0.321	-0.238	1
131	0.553	-0.136	0.15	-0.029	0.009	-0.279	0.515	-0.306	0.644	-0.043	0.199	0.511	-0.311	-0.008	-0.994	0.271	-0.151	0.344	-0.222	-0.464	-0.306	-0.158	0.367	-0.12	0.423	-0.1	0.036	-0.026	0.074	-0.493	-0.127	0.35	-0.967	-0.222	0.046	0.154	-0.375	0.158	-0.433	0.288	0.091	-0.032	-0.032	-0.348	-0.229	-0.415	-0.104	0.247	0.049	-0.033	0.323	0.314	0.071	0.092	-0.11	0.289	-0.211	-0.039	0.17	-0.073	0.161	0.35	-0.099	-0.114	-0.007	0.263	-0.125	0.247	-0.152	0.54	1
291	0.136	-0.419	0.043	-0.072	-0.054	0.063	-0.189	0.188	-0.095	0.009	0.156	-0.074	-0.063	-0.029	-0.281	-0.094	-0.12	0.178	0.018	-0.054	0.058	-0.091	-0.106	-0.276	0.092	0.107	-0.217	0.137	-0.052	-0.391	-0.077	-0.143	0.205	-0.064	-0.044	-0.084	-0.095	-0.049	0.35	-0.002	-0.11	-0.098	0.26	0.21	0.024	-0.204	-0.018	-0.104	-0.175	0.039	-0.053	-0.006	0.2	-0.08	0.021	0.021	-0.448	-0.05	-0.139	-0.289	0.105	-0.207	0.234	-0.011	-0.175	-0.149	-0.156	-0.18	0.395	0.033	1
361	-0.163	0.022	-0.248	-0.443	0.025	-0.183	-0.182	0.186	-0.327	-0.078	0.008	-0.239	-0.057	-0.199	0.259	-0.071	0.257	0.082	0.1	-0.68	0.121	-0.172	-0.233	-0.254	-0.346	0.021	0.233	-0.059	-0.211	0.243	0.064	-0.278	0.357	0.082	-0.016	0.01	-0.035	-0.136	0.175	-0.423	0.069	-0.276	-0.035	-0.068	-0.197	-0.049	0.05	-0.009	-0.522	-0.229	-0.401	-0.077	0.284	-0.234	-0.137	-0.029	-0.228	-0.188	-0.063	-0.191	-0.199	0.329	-0.123	-0.489	-0.304	-0.599	0.144	-0.292	0.054	-0.346	1
245	0.102	0.281	0.131	0.057	-0.056	0.023	0.084	-0.303	0.234	-0.459	-0.168	0.03	-0.428	-0.071	-0.381	0.331	0.259	-0.12	0.221	-0.049	0.066	-0.092	-0.152	0.257	0.594	-0.238	0.096	-0.175	0.148	-0.35	0.228	0.644	-0.824	-0.109	-0.137	-0.127	-0.006	0.016	-0.187	0.199	0.199	0.074	-0.076	-0.149	-0.001	-0.137	-0.133	-0.153	-0.03	0.415	0.003	0.072	0.043	0.18	0.249	0.152	0.321	0.705	0.146	0.269	0.17	-0.074	0.223	0.369	0.733	0.153	0.188	0.138	0.365	0.227	1
271	-0.158	-0.282	-0.43	-0.538	-0.241	-0.041	-0.047	0.025	-0.306	-0.068	0.043	-0.19	0.224	-0.223	0.712	-0.141	-0.001	-0.383	-0.173	0.24	0.244	0.094	0.035	-0.123	-0.226	0.146	0.153	-0.118	-0.037	0.619	-0.204	-0.274	0.372	0.303	0.094	0.076	-0.285	-0.216	0.237	-0.345	-0.029	-0.243	0.128	-0.332	-0.092	-0.514	-0.177	0.104	-0.448	-0.175	-0.644	-0.442	0.261	-0.197	0.06	-0.158	-0.39	-0.158	-0.052	-0.232	-0.097	-0.114	-0.098	-0.509	-0.251	-0.64	-0.162	-0.429	-0.071	-0.338	1
286	0.027	0.08	-0.103	0.181	-0.172	0.048	-0.002	-0.309	0.037	0.103	0.196	0.048	-0.5	-0.014	-0.982	-0.184	-0.124	-0.198	-0.093	-0.567	-0.208	0.232	0.28	-0.061	0.041	-0.125	-0.14	-0.037	0.19	-0.545	0.136	-0.233	-0.725	-0.029	0.289	-0.063	-0.077	-0.276	-0.215	0.073	-0.047	0.098	0.01	0.139	-0.099	-0.287	-0.157	-0.024	0.142	-0.013	-0.216	0.19	-0.059	0.029	0.186	-0.07	-0.433	-0.216	0.051	-0.229	-0.11	-0.041	-0.091	0.021	-0.311	-0.114	-0.236	0.118	-0.328	-0.319	1
315	-0.384	-0.336	-0.477	-0.666	0.058	0.036	-0.16	0.262	-0.493	0.195	0.111	-0.124	0.22	-0.171	0.116	0.071	-0.086	-0.161	-0.174	-0.337	0.091	-0.047	-0.3	-0.092	-0.347	0.162	-0.267	-0.106	0.104	-0.235	-0.373	-0.133	-0.158	0.16	-0.215	0.005	-0.176	-0.092	0.226	-0.425	0.104	-0.428	0.12	-0.251	0.055	-0.455	-0.206	0.028	-0.527	-0.081	-0.7	-0.307	0.156	-0.224	-0.144	-0.113	-0.174	0.115	-0.16	-0.241	-0.173	-0.14	-0.146	-0.622	-0.22	-0.656	-0.219	-0.63	-0.032	-0.347	1
128	0.117	-0.258	0.078	-0.088	-0.32	0.125	-0.087	-0.236	0.237	0.16	0.119	0.077	0.232	-0.183	0.257	-0.274	0.046	-0.131	-0.213	-0.584	0.132	-0.136	0.128	-0.402	0.277	-0.104	-0.301	-0.174	-0.026	-0.062	-0.113	-0.224	-0.254	0.203	-0.255	0.036	-0.306	-0.239	-0.048	-0.081	0.125	0.116	0.086	-0.123	-0.004	-0.573	-0.002	0.126	-0.244	-0.213	-0.54	-0.467	0.051	-0.039	0.149	-0.246	-0.17	-0.101	-0.22	-0.059	-0.428	-0.005	0.14	0.032	-0.409	-0.185	-0.03	-0.027	-0.271	0.022	1
219	-0.208	-0.013	-0.381	-0.349	0.038	0.078	-0.091	0.381	-0.312	-0.01	0.247	-0.178	0.055	0.015	0.097	-0.076	0.278	-0.354	-0.029	-0.258	0.093	-0.105	-0.274	-0.194	-0.28	0.502	-0.107	0.012	-0.122	0.381	-0.105	-0.273	0.351	0.113	-0.302	0.009	-0.284	-0.162	0.399	-0.3	0.056	-0.219	0.152	-0.064	-0.076	-0.286	0.265	0.094	-0.188	-0.138	-0.357	-0.089	-0.195	-0.095	0.027	0.11	-0.386	-0.015	-0.046	-0.244	-0.075	0.126	-0.05	-0.322	-0.208	-0.451	0.047	-0.474	-0.008	-0.038	1
248	0.255	-0.173	-0.018	0.017	0.027	-0.222	0.033	-0.141	0.093	-0.193	-0.078	0.07	-0.086	-0.248	-0.77	0.102	0.265	0.134	-0.072	0.401	-0.177	-0.102	0.165	0.234	0.211	-0.105	-0.291	-0.13	-0.07	-0.417	-0.494	0.142	-0.46	-0.283	-0.158	-0.025	-0.264	0.34	-0.066	0.477	0.567	0.16	0.053	-0.189	0.523	0.03	0.07	0.099	-0.071	0.132	0.354	-0.028	-0.306	0.153	-0.188	0.262	0.203	-0.139	-0.063	0.128	0.119	0.154	0.115	0.108	0.054	0.14	-0.084	0.21	-0.023	0.04	1
139	-0.188	-0.084	-0.252	-0.228	-0.018	0.249	-0.16	0.015	-0.158	0.194	-0.113	-0.108	0.213	-0.205	-0.426	-0.049	-0.167	0.288	-0.229	-0.398	-0.023	0.004	-0.031	0.098	-0.055	0.142	-0.407	-0.188	0.235	0.287	-0.144	-0.089	-0.162	0.234	-0.234	0.061	-0.259	-0.066	0.124	-0.055	-0.117	-0.005	-0.032	-0.169	0.012	0.053	-0.072	0.089	-0.179	-0.001	-0.443	-0.205	-0.153	-0.041	0.047	-0.105	-0.31	-0.196	-0.178	-0.201	-0.202	-0.185	0.241	-0.165	-0.223	-0.1	-0.109	-0.132	-0.326	-0.243	1
162	-0.076	-0.255	0.162	0.147	-0.1	-0.214	0.346	-0.303	0.294	0.026	-0.248	0.207	-0.238	0.072	-0.124	0.054	-0.193	-0.107	-0.374	-0.15	-0.296	-0.052	0.162	0.594	0.299	0.008	0.009	0.046	-0.072	-0.369	0.006	0.12	0.372	-0.019	0.127	-0.016	0.513	0.164	-0.11	0.205	0.02	0.064	0.111	0.386	-0.02	0.215	0.07	0.001	0.083	-0.062	0.389	0.014	-0.146	0.186	-0.117	0.038	-0.145	-0.014	0.077	-0.056	0.342	0.004	0.081	0.168	0.403	0.309	-0.36	0.196	-0.116	-0.14	1
183	-0.261	-0.103	-0.096	-0.282	-0.185	0.015	-0.219	0.074	-0.11	0.039	0.026	-0.035	-0.143	-0.201	-0.017	0.037	0.026	-0.086	-0.081	0.295	0.109	-0.057	-0.164	-0.062	-0.059	0.015	-0.155	-0.152	0.005	0.169	-0.15	-0.233	0.324	-0.1	-0.062	-0.086	-0.116	-0.11	0.07	-0.163	0.028	-0.13	0.068	0.102	-0.03	-0.081	-0.092	-0.065	-0.274	-0.053	-0.546	-0.339	0.145	-0.156	0.12	-0.037	-0.4	0.036	-0.082	-0.269	-0.096	0.058	-0.018	-0.297	-0.175	-0.359	0.142	-0.356	-0.185	-0.232	1
396	-0.157	0.06	0.159	-0.085	0.214	0.369	0.015	-0.565	0.094	-0.142	0.112	0.071	-0.39	0.273	-1.201	0.043	-0.095	-0.104	-0.239	-0.528	-0.16	0.276	-0.05	0.102	-0.02	-0.307	-0.295	0.351	0.079	0.117	0.08	-0.171	0.268	0.007	0.177	0.078	0.076	0.102	-0.284	0.121	-0.072	0.311	-0.073	0.113	0.153	0.057	-0.26	0.125	0.237	-0.04	-0.332	1.1	-0.238	0.211	-0.002	0.069	-0.507	-0.008	0.06	-0.23	0.38	-0.42	0.03	0.111	0.347	0.043	-0.087	0.161	0.16	0.957	1
274	-0.081	-0.229	-0.142	-0.235	-0.111	-0.159	-0.087	-0.248	-0.11	-0.181	0.094	-0.07	-0.143	-0.093	0.705	0.015	-0.007	-0.117	-0.117	-0.666	0.067	-0.1	-0.083	-0.265	-0.034	-0.026	0.032	0.115	-0.021	-0.182	0.067	-0.263	-0.437	-0.049	0.019	-0.03	-0.133	-0.17	-0.041	-0.105	-0.136	-0.09	-0.005	-0.052	-0.172	-0.171	-0.056	0.018	-0.308	-0.238	-0.475	-0.095	-0.164	-0.273	-0.028	-0.066	0.305	-0.066	-0.226	0.326	-0.108	0.101	0.07	-0.28	-0.19	-0.324	0.157	-0.133	-0.197	-0.194	1
193	-0.439	-0.322	-0.282	-0.217	-0.026	0.03	-0.252	0.385	-0.193	0.194	0.091	-0.115	0.04	-0.211	0.316	-0.071	0.104	-0.083	-0.101	-0.342	-0.039	-0.097	-0.192	-0.092	-0.145	0.103	-0.144	-0.147	0.006	0.265	-0.186	-0.277	0.285	-0.033	-0.192	0.049	-0.009	-0.126	0.446	-0.156	0.007	-0.159	0.105	0.162	-0.049	-0.159	-0.043	0.089	-0.315	-0.048	-0.364	-0.3	0.331	-0.165	-0.072	-0.067	-0.231	-0.144	-0.277	-0.18	-0.086	0.102	-0.055	-0.285	-0.15	-0.273	0.162	-0.337	-0.127	-0.204	1
39	-0.484	0.029	-0.109	-0.311	0.147	-0.158	-0.316	0.446	-0.173	0.173	0.071	-0.135	-0.029	-0.17	0.124	-0.116	-0.212	0.03	-0.088	-0.733	0.105	-0.326	-0.194	-0.153	-0.377	0.153	0.044	-0.334	-0.091	0.565	0.065	-0.204	0.657	0.202	-0.155	0.058	0.1	-0.415	0.178	-0.285	-0.102	-0.083	0.289	-0.062	-0.057	-0.313	-0.021	0.072	0.079	-0.143	0.182	-0.309	0.462	0.017	0.072	-0.093	-0.375	-0.067	-0.189	-0.33	-0.302	-0.259	-0.09	-0.342	-0.201	-0.22	0.01	-0.272	-0.276	-0.447	1
353	0.602	-0.212	-0.073	0.083	0.067	0.184	-0.093	-0.127	-0.022	-0.047	0.07	0.015	0.297	0.081	0.223	0.009	-0.072	0.12	-0.153	-0.183	-0.144	0.118	0.026	-0.023	-0.041	0.063	0.133	-0.039	0.048	-0.28	0.062	-0.215	0.052	0.155	-0.032	-0.151	0.086	-0.144	0.149	0.234	-0.058	0.091	-0.048	-0.028	-0.072	0.132	0.016	-0.052	0.078	0.005	-0.561	-0.283	-0.207	-0.011	-0.107	0.035	0.11	-0.146	-0.017	0.082	-0.098	-0.066	0.048	0.043	0.085	0.074	0.098	-0.057	-0.231	0.418	1
38	-0.705	-0.048	0.202	-0.023	0.168	0.03	-0.068	0.046	0.132	-0.095	-0.032	0.126	0.084	-0.107	0.236	0.058	0.061	-0.127	-0.197	-0.559	0.145	0.133	-0.097	-0.028	-0.158	-0.1	-0.007	-0.115	-0.237	-0.301	-0.065	-0.391	-0.03	0.013	0.14	-0.358	0.211	-0.055	-0.239	-0.073	-0.073	-0.015	-0.284	0.159	-0.049	-0.743	0.079	-0.229	-0.288	-0.038	-0.704	-0.041	-0.074	-0.081	-0.116	-0.093	-0.435	-0.537	-0.208	-0.34	-0.505	0.058	-0.022	-0.005	0.107	-0.211	0.033	0.058	-0.039	0.279	1